0.5 4.87655498043e-11
0.51164649614 4.52367205329e-11
0.523564274025 4.19678284356e-11
0.535759652619 3.89394021906e-11
0.548239098072 3.61334524195e-11
0.561009227151 3.35333571779e-11
0.574076810748 3.11237564243e-11
0.58744877747 2.88904547505e-11
0.601132217309 2.68203317199e-11
0.615134385406 2.49012592103e-11
0.629462705897 2.31220252041e-11
0.644124775847 2.1472263519e-11
0.659128369278 1.99423890078e-11
0.674481441296 1.85235377953e-11
0.690192132301 1.72075121571e-11
0.706268772311 1.59867296723e-11
0.722719885373 1.48541763163e-11
0.739554194084 1.38033631823e-11
0.756780624218 1.28282865471e-11
0.774408309456 1.19233910207e-11
0.792446596231 1.1083535535e-11
0.810905048679 1.03039619536e-11
0.829793453719 9.58026609388e-12
0.849121826231 8.90837097676e-12
0.868900414375 8.28450212773e-12
0.889139705019 7.70516477129e-12
0.909850429305 7.16712277079e-12
0.931043568331 6.66737917824e-12
0.952730358982 6.20315826931e-12
0.974922299879 5.77188894847e-12
0.997631157484 5.37118941805e-12
1.02086897233 4.99885301382e-12
1.04464806543 4.65283511676e-12
1.06898104475 4.3312410582e-12
1.09388081197 4.03231494182e-12
1.11936056928 3.75442931182e-12
1.14543382638 3.49607560246e-12
1.17211440766 3.25585530888e-12
1.19941645951 3.03247182386e-12
1.22735445784 2.82472288968e-12
1.25594321575 2.63149361796e-12
1.28519789138 2.45175003401e-12
1.31513399595 2.28453310591e-12
1.34576740196 2.12895322108e-12
1.37711435167 1.98418507658e-12
1.40919146563 1.84946295142e-12
1.44201575156 1.72407633213e-12
1.47560461333 1.60736586457e-12
1.5099758602 1.49871960742e-12
1.54514771626 1.39756956447e-12
1.58113883008 1.30338847467e-12
1.61796828465 1.21568684039e-12
1.65565560741 1.13401017613e-12
1.6942207807 1.05793646086e-12
1.73368425226 9.87073778808e-13
1.77406694617 9.21058134548e-13
1.81539027385 8.59551429218e-13
1.85767614549 8.02239585891e-13
1.9009469816 7.48830812886e-13
1.94522572497 6.99053994718e-13
1.99053585277 6.52657201164e-13
2.03690138902 6.09406305634e-13
2.08434691735 5.69083704698e-13
2.13289759401 5.31487131266e-13
2.1825791612 4.96428554434e-13
2.23341796075 4.63733159594e-13
2.28544094807 4.3323840284e-13
2.33867570644 4.04793134171e-13
2.39315046161 3.78256784422e-13
2.44889409684 3.53498611193e-13
2.50593616814 3.30396999445e-13
2.56430691996 3.08838812727e-13
2.62403730125 2.88718791304e-13
2.68515898185 2.69938993754e-13
2.74770436929 2.52408278832e-13
2.81170662595 2.3604182465e-13
2.87719968669 2.20760682453e-13
2.94421827678 2.06491362442e-13
3.01279793037 1.93165449324e-13
3.08297500931 1.80719245401e-13
3.1547867224 1.69093439216e-13
3.22827114517 1.58232797866e-13
3.30346724004 1.48085881294e-13
3.38041487696 1.38604776937e-13
3.45915485459 1.29744853276e-13
3.53972892192 1.21464530907e-13
3.62217980037 1.13725069871e-13
3.7065512065 1.06490372062e-13
3.79288787515 9.97267976419e-14
3.88123558314 9.34029944334e-14
3.97164117362 8.74897393692e-14
4.06415258082 8.19597911291e-14
4.15881885551 7.67877531608e-14
4.25569019101 7.19499463399e-14
4.35481794978 6.74242905811e-14
4.45625469067 6.31901947583e-14
4.56005419678 5.92284543422e-14
4.66627150398 5.55211562035e-14
4.77496293011 5.20515900727e-14
4.88618610478 4.88041661818e-14
5.0 4.57643386498e-14
5.1164649614 4.29185342034e-14
5.23564274025 4.02540858555e-14
5.35759652619 3.77591711907e-14
5.48239098072 3.54227549313e-14
5.61009227151 3.32345354832e-14
5.74076810748 3.11848951786e-14
5.8744877747 2.92648539585e-14
6.01132217309 2.74660262496e-14
6.15134385406 2.57805808144e-14
6.29462705897 2.42012033632e-14
6.44124775847 2.27210617368e-14
6.59128369278 2.13337734783e-14
6.74481441296 2.00333756282e-14
6.90192132301 1.88142965872e-14
7.06268772311 1.76713299023e-14
7.22719885373 1.65996098432e-14
7.39554194084 1.5594588643e-14
7.56780624218 1.465201529e-14
7.74408309456 1.37679157604e-14
7.92446596231 1.29385745941e-14
8.10905048679 1.21605177199e-14
8.29793453719 1.14304964437e-14
8.49121826231 1.07454725198e-14
8.68900414375 1.01026042309e-14
8.89139705019 9.49923340631e-15
9.09850429305 8.93287331548e-15
9.31043568331 8.40119737538e-15
9.52730358982 7.90202861687e-15
9.74922299879 7.43332985763e-15
9.97631157484 6.99319453352e-15
10.2086897233 6.5798381435e-15
10.4464806543 6.19159026604e-15
10.6898104475 5.82688710836e-15
10.9388081197 5.48426455215e-15
11.1936056928 5.16235166202e-15
11.4543382638 4.8598646254e-15
11.7211440766 4.57560109461e-15
11.9941645951 4.30843490384e-15
12.2735445784 4.05731113587e-15
12.5594321575 3.82124151477e-15
12.8519789138 3.5993001027e-15
13.1513399595 3.39061928039e-15
13.4576740196 3.19438599212e-15
13.7711435167 3.00983823753e-15
14.0919146563 2.83626179377e-15
14.4201575156 2.6729871524e-15
14.7560461333 2.51938665688e-15
15.099758602 2.37487182716e-15
15.4514771626 2.23889085888e-15
15.8113883008 2.11092628559e-15
16.1796828465 1.99049279322e-15
16.5565560741 1.87713517654e-15
16.942207807 1.7704264283e-15
17.3368425226 1.66996595227e-15
17.7406694617 1.57537789194e-15
18.1539027385 1.48630956725e-15
18.5767614549 1.40243001222e-15
19.009469816 1.32342860692e-15
19.4522572497 1.24901379742e-15
19.9053585277 1.1789118981e-15
20.3690138902 1.11286597076e-15
20.8434691735 1.05063477567e-15
21.3289759401 9.91991789703e-16
21.825791612 9.3672428727e-16
22.3341796075 8.84632479889e-16
22.8544094807 8.35528710622e-16
23.3867570644 7.89236699784e-16
23.9315046161 7.45590838593e-16
24.4889409684 7.04435527649e-16
25.0593616814 6.65624557354e-16
25.6430691996 6.29020527535e-16
26.2403730125 5.94494303755e-16
26.8515898185 5.61924507933e-16
27.4770436929 5.31197041069e-16
28.1170662595 5.02204636005e-16
28.7719968669 4.74846438293e-16
29.4421827678 4.49027613357e-16
30.1279793037 4.24658978283e-16
30.8297500931 4.01656656643e-16
31.547867224 3.79941754882e-16
32.2827114517 3.59440058909e-16
33.0346724004 3.40081749577e-16
33.8041487696 3.21801135877e-16
34.5915485459 3.045364047e-16
35.3972892192 2.88229386124e-16
36.2217980037 2.72825333238e-16
37.065512065 2.58272715595e-16
37.9288787515 2.44523025409e-16
38.8123558314 2.31530595714e-16
39.7164117362 2.19252429722e-16
40.6415258082 2.07648040671e-16
41.5881885551 1.96679301509e-16
42.5569019101 1.86310303798e-16
43.5481794978 1.76507225256e-16
44.5625469067 1.67238205393e-16
45.6005419678 1.5847322875e-16
46.6627150398 1.50184015241e-16
47.7496293011 1.42343917188e-16
48.8618610478 1.34927822598e-16
50.0 1.27912064321e-16
51.164649614 1.21274334709e-16
52.3564274025 1.14993605443e-16
53.5759652619 1.09050052199e-16
54.8239098072 1.03424983866e-16
56.1009227151 9.81007760218e-17
57.4076810748 9.30608084191e-17
58.744877747 8.8289406218e-17
60.1132217309 8.37717847496e-17
61.5134385406 7.94939975854e-17
62.9462705897 7.54428877132e-17
64.4124775847 7.16060416277e-17
65.9128369278 6.79717461595e-17
67.4481441296 6.45289478734e-17
69.0192132301 6.12672148813e-17
70.6268772311 5.81767009211e-17
72.2719885373 5.52481115653e-17
73.9554194084 5.24726724289e-17
75.6780624218 4.98420992568e-17
77.4408309456 4.73485697752e-17
79.2446596231 4.4984697202e-17
81.0905048679 4.2743505316e-17
82.9793453719 4.0618404989e-17
